9997059849204796
990096912000204796
990096942280204796
990096964640204796
990096892100204796
990096978730204796
990096901280204796
990096902840204796
990096957930204796
990096982640204796
990096941190204796
990096937160204796
990096906040204796
990096901960204796
990075620200204796
990096965540204796
9997026650304796
990095952270204796
990096911390204796
990096983340204796
990096658560204796
990096902990204796
990096938890204796
9997210806904796
990096904370204796
990050232890204796
990096897790204796
990096906730204796
990096955470204796
990096962470204796
990096905360204796
990096901460204796
990096958250204796
990096904180204796
990096658100204796
990096475230204796
990096898890204796
990096982150204796
990096962790204796
9997015347704796
990096897810204796
9997055535404796
990096778640204796
990096896580204796
990096646970204796
990071552550204796
990096937030204796
990096648110204796
9997209172404796
9997209173704796
9997087349704796
990095989740204796
990041316730204796
9997055543804796
990096983940204796
990096912010204796
990096909020204796
990096963020204796
990096718370204796
9997018250204796
9997165940204796
990096980010204796
990096975540204796
9997209174004796
9997055536404796
990096898760204796
990096905670204796
990096826440204796
990096901700204796
9997055634804796
990071474730204796
990096644400204796
990096951180204796
9997055530904796
990096908000204796
990096640150204796
9997014449404796
990096905620204796
9997055524804796
990096961250204796
9997055629504796
990096953050204796
9997209166004796
9997055637604796
990096975720204796
9997055627204796
9997028350304796
9997241981104796
990096718940204796
990096926010204796
990096981420204796
990096639820204796
9997011844004796
9997020649004796
990096714110204796
990071789210204796
9997055528504796
990096836200204796
990096942310204796
990096903500204796
990096949230204796
9997176516704796
9997055624604796
990096902330204796
9997015349904796
990096653410204796
990074097450204796
9997036350304796
990096903160204796
990096648500204796
990096896900204796
990096944670204796
990023466800204796
9997157250304796
9997055537604796
990040182650204796
990096714230204796
9997010650104796
990096978690204796
990066076670204796
990031268890204796
990096659210204796
990096939070204796
990096713480204796
990031267810204796
990096657950204796
990096975570204796
990031268970204796
990096697240204796
990096739610204796
9997061948804796
9997055532804796
9997048849904796
990096975170204796
990096944920204796
9997072242904796
990096889990204796
990096986800204796
990096944650204796
990074783800204796
9997055527404796
990096975750204796
9997241840004796
9997069648504796
990096438720204796
9997030450004796
990096963030204796
990096902290204796
990096942300204796
990096644770204796
990096904350204796
990096936920204796
990096718420204796
990096959720204796
9997196554404796
9997013449604796
9997055631504796
990096890110204796
990096986810204796
990096902150204796
9997039649204796
990096904280204796
9997070250104796
990096898570204796
9997165934904796
990071755150204796
990096903450204796
990096908100204796
990096975400204796
990096901690204796
990096762810204796
990096837690204796
9997040746404796
990096981740204796
990096900630204796
9997055626304796
990023182530204796
990096957710204796
990096649050204796
990096938080204796
9997211110304796
990096340880204796
990096959680204796
990096648890204796
990096963040204796
990096976620204796
9997055632204796
990096900230204796
990096911450204796
9997010948604796
9997037750204796
9997010749604796
990096898900204796
990096652450204796
990096901710204796
990096904530204796
990096951840204796
990071648660204796
9997055529104796
990096952960204796
990096986060204796
990096937890204796
9997013448304796
990096648840204796
990096943620204796
990096902240204796
990096632820204796
990096658150204796
990096715500204796
9997028149904796
9997229810904796
990096911780204796
990096975770204796
9997009949904796
990096837620204796
990096897090204796
9997035749804796
9997055636604796
990096904600204796
990096985390204796
9997055534304796
9997040946004796
9997035749704796
990096837980204796
990096898880204796
9997068750304796
990096985920204796
990096837770204796
990071336420204796
9997055526704796
9997055544004796
990096984080204796
990096907380204796
990096960470204796
9997055530804796
990096965560204796
990096763900204796
9997034747604796
990096837610204796
990096976280204796
990023537170204796
9997071950104796
990096898490204796
990096898170204796
990096944350204796
9997059046604796
990096980170204796
990096911880204796
990096982190204796
990096762430204796
9997039649104796
990071552630204796
9997055539904796
9997061849004796
990096939500204796
990096987380204796
990096901580204796
9997015344304796
990096965180204796
990074793010204796
990096892890204796
990031268110204796
990096901450204796
9997013449704796
9997059849404796
9997055527004796
990096963650204796
990070722950204796
990096950580204796
9997016850304796
990096903830204796
990096937840204796
990074793520204796
990096890490204796
990096908870204796
990096958170204796
9997055628704796
990096944850204796
990096939580204796
990096644500204796
990096955500204796
990096834200204796
990096897250204796
990096979490204796
990096906090204796
990096656610204796
990096909520204796
990096739620204796
990096906330204796
990096889900204796
990096664510204796
9997010749504796
9997055526204796
990096909780204796
9997055536304796
990023491670204796
990096901670204796
990096910230204796
990096631640204796
990096836410204796
990096959010204796
9997026846204796
990096895900204796
990096979850204796
990096909260204796
990096903560204796
9997009949404796
990096796750204796
990096899050204796
990071645130204796
9997144846104796
990096902350204796
990096764880204796
990096906300204796
9997038148404796
990096896630204796
990096904850204796
990096793510204796
9997055634604796
990096960960204796
990071365600204796
990096907140204796
9997055535504796
990096781720204796
990040752500204796
990096937740204796
990096829560204796
990096907890204796
990096713470204796
990096653380204796
990096962770204796
990096905730204796
990060962710204796
9997011847804796
990096944910204796
990096906500204796
990096891070204796
990096942350204796
9997074649804796
9997063349904796
990096976400204796
990096657940204796
990096944330204796
990096897600204796
990096896920204796
990064913320204796
9997071848004796
9997141150304796
990096763000204796
990096960940204796
990096903270204796
9997055537104796
990096896670204796
9997055630304796
990096740720204796
990096938300204796
990096899250204796
9997014348804796
990096966110204796
9997055633904796
9997011844104796
990096938980204796
9997010748604796
990096985060204796
990096939440204796
9997026849804796
990096899240204796
990096964880204796
990096986990204796
990096896360204796
990031268460204796
990096652390204796
990096961750204796
990096889840204796
990096900120204796
990096977180204796
990096962260204796
990096040530204796
9997241933404796
9997072236604796
990096897230204796
9997011848904796
9997055537804796
990096718330204796
990096836280204796
990096640130204796
990096899210204796
9997013650104796
990096714380204796
990096646200204796
990096659230204796
990096980220204796
990096767340204796
990096452870204796
990096943320204796
990096909190204796
990096940020204796
990096956290204796
990096901330204796
990096892390204796
9997064812604796
990096983280204796
9997055538104796
990096659590204796
990095935140204796
990096956530204796
990096895930204796
9997055537304796
9997012649404796
990096911180204796
9997015448904796
990096959730204796
990096944560204796
990055737930204796
990096951870204796
9997015449704796
990096717100204796
9997273448404796
9997146049804796
990096986760204796
990096907520204796
990096896600204796
990096936170204796
990096907100204796
9997059349804796
990096713490204796
990096890640204796
990096896720204796
990096980750204796
990096901850204796
9997055538804796
990031269000204796
990096906580204796
9997015350004796
990070473390204796
990096905380204796
990023191010204796
990096906660204796
9997055629804796
9997055544304796
990057816200204796
9997057849404796
9997012649204796
990095947910204796
9997015445104796
990096906600204796
9997175897904796
990096762730204796
990096909210204796
990096977450204796
990096518510204796
9997055528404796
990096966320204796
990096952950204796
990096906450204796
990096640090204796
990096944460204796
9997047348104796
9997068849104796
990096831310204796
9997012647204796
990096944340204796
990096985100204796
9997307449104796
990096982030204796
9997025949404796
990096950010204796
990096899290204796
990096907070204796
9997034743904796
9997241958304796
990096944640204796
990096943260204796
9997015349004796
9997055624204796
990096897640204796
990096910340204796
990096936810204796
990096647310204796
9997055632904796
990096695740204796
990096944990204796
9997055529604796
990096938310204796
9997055528704796
9997042650304796
990096899260204796
990096963200204796
9997011648204796
990096714830204796
990096895580204796
990096962610204796
990096952970204796
990059390970204796
990096890450204796
990096906810204796
990096930430204796
9997055633204796
990096647350204796
990096950290204796
990096717540204796
990066666710204796
9997039350304796
9997015443404796
9997138150204796
990096762740204796
990096899590204796
990096632620204796
990096980400204796
990096944390204796
9997019349904796
9997015345104796
9997055536604796
9997095150104796
990096323360204796
9997071446604796
990095959610204796
990096900570204796
990096980690204796
990096957960204796
990096976960204796
990096895790204796
990096962190204796
990096960480204796
990096896740204796
990096985020204796
9997085049804796
9997031949904796
990096829130204796
990096910190204796
990096950880204796
990096652550204796
990096897140204796
990096985030204796
990096936260204796
990096653640204796
9997175657504796
9997025449504796
990096962990204796
9997103450204796
9997146049004796
990096900580204796
990096952980204796
990096647370204796
990096952930204796
990023492720204796
990096905820204796
9997055528104796
990096897390204796
990023402750204796
990096900510204796
990096909770204796
990096976060204796
9997055636304796
990096900530204796
990096906210204796
990096889930204796
990096985640204796
9997059048704796
990096911320204796
990096908400204796
990096985590204796
990096890500204796
9997061848204796
990096980020204796
9997015344904796
990045429670204796
9997055627304796
990096940930204796
990096909180204796
9997075646904796
9997055631904796
9997055529204796
990096895720204796
990096905860204796
990096908420204796
990096962710204796
990096975760204796
990096903150204796
990096985010204796
990096904690204796
990096963750204796
990096906850204796
990096975050204796
990096712340204796
990096646800204796
990096897760204796
990096909170204796
990096964400204796
990096890440204796
9997040947404796
990096909500204796
990096890030204796
990096912170204796
9997059048204796
990096764160204796
990096983900204796
9997039748904796
9997015345904796
9997012648204796
9997165824904796
990096977840204796
990096833740204796
990096896640204796
990096944090204796
990096837650204796
9997040945604796
9997013649204796
990096837210204796
9997034749404796
990095971230204796
990096890070204796
990096664790204796
990096903740204796
990096614450204796
990096904590204796
990096903310204796
990096980810204796
990096940490204796
990096898090204796
990096644860204796
9997038049804796
990096938290204796
990096837180204796
990096902340204796
9997026244604796
9997013449504796
990096907970204796
9997013446704796
990096950640204796
990096897100204796
990096657410204796
990096939140204796
990096897080204796
990071542750204796
990096959110204796
990096900700204796
990063587560204796
990096903670204796
9997131249904796
990096899060204796
990096632110204796
990096735550204796
990096943810204796
990096900660204796
990096936200204796
9997015450104796
990096983930204796
9997014349704796
990096910970204796
990096898330204796
990096897650204796
990096911910204796
990096911500204796
990075002700204796
990096959060204796
990095964630204796
990096836170204796
9997055544704796
990096982040204796
9997015346904796
9997025949804796
990096639860204796
990096659370204796
990096899430204796
990031893330204796
990096890050204796
990096896840204796
990096977510204796
990071440400204796
990096957610204796
990096895730204796
9997068845404796
990096831550204796
990096964560204796
990096785340204796
990096903530204796
990096978850204796
990054094110204796
9997038050004796
9997015448504796
9997328649104796
990096909200204796
990096906700204796
990096939490204796
9997039650304796
9997047349904796
990096905320204796
9997055630804796
990096987080204796
990096987090204796
990096944590204796
990096907110204796
990096944830204796
990096903080204796
990096975360204796
990096965640204796
9997040945004796
990096961490204796
990095954850204796
990096907490204796
990096959190204796
9997015345804796
9997013647504796
9997055530704796
990096897940204796
990096960570204796
990096826230204796
9997241859504796
9997069849804796
990096911790204796
990096807660204796
9997055632004796
990096983810204796
9997070749204796
990096899800204796
990096664570204796
990096911930204796
990096897310204796
9997241966504796
9997175753304796
990096965590204796
990096983550204796
9997176379204796
990096954340204796
990096837750204796
9997010749804796
9997016850004796
990096965290204796
9997260848104796
990096937700204796
990095907060204796
9997055542904796
9997013448904796
990071559800204796
990096649090204796
990096976200204796
990071484450204796
990096762700204796
990096980950204796
990096962390204796
9997055634304796
990095976280204796
9997055528604796
990096980370204796
990096980280204796
990096907720204796
9997025650204796
990096939530204796
990096911400204796
9997015344404796
990096902140204796
990096907040204796
990096700530204796
990071453140204796
990096976780204796
990096979950204796
990096707770204796
990096702320204796
9997013448204796
9997015746204796
990096939520204796
9997055537704796
9997015449904796
990096909320204796
990096837900204796
9997133850304796
990096980570204796
990096652780204796
990023882430204796
9997055533404796
990096896930204796
990096954110204796
990096837660204796
9997011845904796
9997055544504796
9997058348604796
9997055631704796
990096714650204796
9997055625704796
990096042540204796
9997070248504796
990096909580204796
9997040745304796
9997055637304796
990096909220204796
990096626800204796
990095912880204796
990096909460204796
990096897480204796
990096981350204796
990096982090204796
990096939600204796
990096740870204796
9997055534504796
9997026846904796
990096892260204796
990096711110204796
990096906410204796
990096905810204796
9997013648604796
990095907980204796
9997047248104796
990096041000204796
990096959610204796
990096657970204796
9997011845404796
9997018850104796
990096714730204796
9997014349004796
9997039650004796
990096912220204796
990096981290204796
990096898000204796
990071487120204796
990096902650204796
990096987550204796
990096979820204796
990096901380204796
990096701760204796
9997013650204796
990095933890204796
990096982760204796
990096980740204796
9997040948204796
990096938260204796
990096903440204796
9997064725304796
990096905880204796
9997026249704796
990096905790204796
990023188650204796
990096716640204796
990096837740204796
990096837060204796
990096642920204796
9997055542004796
990096939360204796
990096532660204796
990096985130204796
990096910060204796
990096952080204796
990096897370204796
990096952990204796
9997015349804796
990096686500204796
990096909440204796
990096658110204796
990096975640204796
990096910650204796
990096980190204796
990096944980204796
990096980730204796
990096761950204796
990096981000204796
9997015348004796
990070276560204796
9997016350104796
990061891720204796
9997059849304796
990096620810204796
990096694340204796
990069966470204796
990096903120204796
990096962040204796
990040667150204796
990096980320204796
990096978710204796
990096951690204796
990095941400204796
990096897020204796
990096938760204796
990096649540204796
9997040950004796
990095907040204796
990096962640204796
9997015448104796
9997131250004796
990096976390204796
990018497350204796
9997055631404796
990096714060204796
990096586070204796
990096944630204796
990096903700204796
990096962180204796
990096890970204796
990096889880204796
990096936970204796
990096966100204796
990096901250204796
9997144264004796
990096784380204796
990096985350204796
990023519350204796
9997032150204796
990096647410204796
990096897210204796
990095992010204796
9997014347904796
990096959670204796
990096957040204796
990096589500204796
990096959920204796
990096941650204796
990096954060204796
990096905770204796
990096984440204796
990096899030204796
9997034744904796
990096904450204796
990096907330204796
9997055635704796
990096978250204796
990096538190204796
990096961790204796
990095925200204796
990096977070204796
990096909150204796
990096944570204796
9997072241004796
990066574350204796
9997055624004796
990096911810204796
990096900650204796
990096937900204796
990096007660204796
990096640260204796
990096897420204796
990074097880204796
990096983160204796
990096977810204796
9997011848304796
9997015348104796
990066685420204796
9997055534204796
990096735580204796
990096943580204796
9997011849104796
990096950440204796
990096909680204796
990096837410204796
990096630960204796
990096936070204796
990096906670204796
990096979670204796
990096948990204796
9997055630504796
990069182040204796
990096960360204796
990096834000204796
9997072241204796
9997011848504796
990096938270204796
990096909070204796
990096911830204796
9997176517404796
9997025649904796
990096041100204796
990096890190204796
990096908070204796
990096905220204796
9997026246704796
990096940480204796
990096716690204796
990075411200204796
990096939950204796
990096907000204796
990096981010204796
990096906820204796
990096965630204796
990096781030204796
990096897110204796
990096904310204796
990096664990204796
990096908030204796
990096979430204796
9997055543104796
990096696410204796
990096905630204796
990096715580204796
990096438070204796
990096906590204796
990096897160204796
9997176383904796
990096983730204796
9997055529704796
990096890570204796
9997026246804796
9997055532504796
990095968340204796
990096838040204796
990096908730204796
990096960830204796
990096663850204796
9997040944804796
990096906720204796
990096954410204796
990095933270204796
990096897910204796
990096982660204796
990096896820204796
990096906170204796
990096899490204796
990096983370204796
990096898430204796
9997055626804796
990096664410204796
990096955280204796
990096737750204796
990096737760204796
990096937870204796
9997014347304796
9997010750104796
990096890590204796
9997040743604796
990096911430204796
990096938230204796
990095907050204796
9997015450004796
9997010948904796
990096940960204796
990096940460204796
990096975930204796
990096909930204796
990096980000204796
990066573970204796
990096837830204796
990052522610204796
990096979340204796
990096901150204796
990096649380204796
990096896940204796
9997059745804796
9997044549204796
9997013450304796
9997055624304796
990096907910204796
990096908150204796
990096965600204796
9997034750004796
990096910350204796
9997025950104796
9997015449004796
990071489920204796
9997069647504796
990096663710204796
990096890940204796
990096975940204796
990096728050204796
990096899630204796
990096956570204796
990096652510204796
9997161445404796
990096625040204796
9997050950104796
990096896770204796
990096630810204796
9997241866404796
990096896650204796
990096659140204796
9997200950304796
9997055528904796
990096985950204796
990096943980204796
9997176386504796
990096937060204796
9997055633304796
990096624140204796
990096926720204796
990096664350204796
990096646770204796
990096965660204796
990096331990204796
990023549690204796
990096982180204796
990096962460204796
990096943600204796
990096908490204796
9997336349104796
9997274647304796
990096909160204796
990096905760204796
990096776530204796
990096738280204796
990096962750204796
9997055626504796
9997042349904796
990096837880204796
990096944840204796
990096979500204796
990096975150204796
990096892910204796
9997040742804796
990096951780204796
9997020650004796
990096902090204796
990096981590204796
990096825690204796
990096978580204796
9997055636104796
990096943880204796
990096903810204796
990096901490204796
9997014349604796
990095974720204796
9997055631304796
990071814930204796
990096906960204796
990095971560204796
9997027450304796
990096987140204796
9997042349304796
9997241935404796
990096740140204796
990096903370204796
990096956780204796
990096648100204796
9997055526104796
9997055541304796
9997030250304796
990096957970204796
990096905600204796
990096950140204796
9997061947404796
990096939510204796
990095974630204796
990096958370204796
9997059045804796
990096647000204796
990096908950204796
990096897610204796
9997211110704796
990096665550204796
990096907460204796
990096897740204796
990096977350204796
990071222760204796
990096906920204796
990096978990204796
990096906400204796
990096982330204796
9997083550204796
9997016249904796
990096926050204796
990096664890204796
990096895610204796
9997176388404796
9997034743304796
9997072143504796
990096939550204796
990096892950204796
990096940250204796
990096899560204796
990096975370204796
990096895920204796
990096985680204796
990096952740204796
990096907080204796
9997011847004796
990096944940204796
9997012649304796
990096904990204796
990096905660204796
9997032250204796
990096656440204796
990096631660204796
990096943220204796
990096898750204796
990095990380204796
990096910400204796
990096943650204796
990095978700204796
990096985500204796
9997085249104796
990096900900204796
990096778010204796
990096982910204796
990096714520204796
990096980630204796
9997275648104796
9997018249904796
9997080050204796
990096958260204796
9997013449904796
990096976270204796
990096892960204796
9997040746804796
9997090149004796
990096982970204796
990096901630204796
990096903210204796
990096304990204796
990096762790204796
990096963920204796
990096649870204796
990096961810204796
9997264449004796
990096983000204796
990096985980204796
9997055544904796
990096664500204796
9997175915404796
9997055539304796
990096898590204796
9997038149804796
990096836590204796
990062516840204796
990096009330204796
990096903130204796
990096907510204796
9997070648504796
9997029249904796
990096714510204796
990096910430204796
990096958060204796
990096963490204796
990096944690204796
990096937960204796
990096957880204796
990096663870204796
9997068748304796
9997042349604796
990096926290204796
990096960770204796
990096761960204796
990096895620204796
990095986790204796
990096912160204796
990095997850204796
9997028650104796
990096939680204796
990096907160204796
9997075646204796
990096936930204796
990096961820204796
990096907830204796
9997039749804796
990075583090204796
990095987360204796
990096837990204796
990096898080204796
990096983770204796
990096900300204796
9997071447804796
990096956810204796
9997064174604796
9997055633604796
990096952540204796
990096899660204796
9997077350304796
9997092650304796
990096905960204796
990096909940204796
990096897060204796
990096901390204796
9997047449304796
990096983170204796
990096727790204796
9997020649704796
9997072135304796
9997027750004796
9997138050004796
990096892550204796
990096904670204796
9997332749304796
990071490500204796
990096664900204796
9997302348104796
990096827890204796
990096987130204796
990096950910204796
990096944020204796
990096652480204796
990096939030204796
990070936400204796
990095958320204796
9997218507504796
990095908300204796
9997075750204796
9997016250004796
9997015650304796
990096902950204796
990096951320204796
990096837940204796
990096982790204796
990095998590204796
990096981850204796
990096898410204796
990096907610204796
990095987470204796
990096646040204796
990096977720204796
990096977300204796
9997070648404796
9997058346204796
9997011849204796
9997019349504796
990096012640204796
9997065789104796
9997163565404796
990096896040204796
9997032849304796
9997176418504796
9997057449804796
990096895590204796
990096901800204796
990096895680204796
990096836250204796
9997038444804796
9997268901904796
990096490250204796
990096975480204796
990096647260204796
9997176007904796
990096975550204796
990024764790204796
990096903230204796
990096905010204796
990096652420204796
990096652340204796
990096984060204796
990096889970204796
9997012649504796
990096983860204796
990096979270204796
990096889870204796
990096977460204796
990096979740204796
9997314048304796
990096897620204796
990096939390204796
990096826880204796
990096898970204796
9997075648704796
990096650270204796
990096892740204796
990096941260204796
990096960190204796
990096911440204796
990096936940204796
990096950210204796
990096766640204796
9997055540104796
990096713530204796
990096762610204796
9997325248104796
990096734740204796
990076062730204796
990096940280204796
990096911640204796
9997176389804796
990096823380204796
9997012645904796
990096940630204796
990095986110204796
990096908610204796
990096903890204796
990096897840204796
990096978570204796
990096951770204796
990096941950204796
990096767100204796
990096905310204796
990062489420204796
990096901370204796
990096895800204796
990096907590204796
990096980550204796
990096951700204796
990096899180204796
9997068845504796
990096951960204796
990096665020204796
990096977820204796
990096975630204796
990096949890204796
9997075748804796
990096950660204796
9997070648804796
990096778060204796
990010378540204796
990096949900204796
990096960850204796
990096789910204796
990095990270204796
990096909910204796
9997175896904796
9997013650304796
990096643620204796
990095985690204796
9997018449304796
990096652490204796
990096986910204796
990096975130204796
9997055525604796
9997175657904796
9997072137504796
990023498170204796
990096715310204796
990096895700204796
990096834290204796
9997054450304796
990096904580204796
990096975280204796
9997069649404796
990096958420204796
990096907020204796
990096979560204796
990096949960204796
990096960760204796
990096939960204796
990096980910204796
990096664230204796
990096961310204796
990096837090204796
990096006160204796
990074852470204796
990096978600204796
990096975490204796
990096898800204796
990095967050204796
990096897540204796
9997055530304796
990096739820204796
990096957070204796
9997034745104796
9997058346804796
9997072243504796
990096899850204796
9997085247904796
990096938450204796
990095990230204796
990096891320204796
990095997830204796
9997200950204796
990096983800204796
990096778020204796
990096517570204796
990096892620204796
990096907130204796
9997014348204796
9997013647204796
990096904800204796
990096901310204796
990095908320204796
990096895550204796
990096962730204796
9997176385304796
9997039750104796
9997095750304796
9997101449304796
990096715020204796
9997175774104796
9997015344704796
9997069149404796
990096980840204796
990096953950204796
9997059042804796
990096980620204796
990096740850204796
990096895640204796
990046565390204796
990096962720204796
990096952190204796
990096937810204796
990096649310204796
990095926990204796
990095990160204796
990096005990204796
9997019248404796
990095942760204796
990096980860204796
990096979760204796
990096896860204796
990096938660204796
9997015345204796
990096962170204796
990096041490204796
990096889950204796
9997061949504796
990096958010204796
990066574190204796
990096770420204796
990096890160204796
990096891840204796
990096954460204796
9997061946704796
990096837700204796
990096626710204796
990096649590204796
990074793280204796
990096938620204796
990096955780204796
990096981300204796
990096956790204796
9997015442404796
990096909300204796
9997063380704796
9997015350104796
9997055626704796
9997176546604796
990096896420204796
990095973980204796
9997010650204796
9997218710704796
9997198450004796
990096654950204796
9997057150304796
990096713550204796
990096911650204796
9997218506404796
990023537760204796
9997307549104796
990096763260204796
990096985230204796
990096664240204796
9997013447604796
9997071949804796
990018073150204796
9997011650004796
990095905410204796
9997087350004796
9997072137404796
990096664720204796
990096983140204796
990074990510204796
9997055624704796
990096909650204796
9997126650204796
990096908560204796
990096951890204796
990096986530204796
990095952090204796
9997038049104796
990096664390204796
990096911850204796
9997065471804796
9997014348104796
9997040947104796
990096651870204796
9997036548404796
990096001980204796
990096632630204796
990096981730204796
990096899360204796
990096949920204796
990096905480204796
990096907670204796
990096711410204796
9997146049104796
990096907010204796
990096902460204796
990096897070204796
990062213940204796
9997241834904796
990096897360204796
990096906790204796
990096006270204796
990096892530204796
9997141850204796
990018072930204796
990096006220204796
9997036548304796
9997210806304796
990096830620204796
990096716810204796
990096664710204796
9997040948404796
990096980540204796
990096978410204796
9997177042904796
990096837310204796
990096006340204796
990096982860204796
9997057449704796
990018072340204796
990096902980204796
990096908110204796
990096944160204796
990096965880204796
990096042070204796
990096960500204796
990096898010204796
990096767810204796
9997025950204796
990096910170204796
990096904360204796
990023462810204796
990096735000204796
990096889980204796
9997165940904796
990096897830204796
990096950000204796
9997013648904796
990096905170204796
990096908080204796
9997018249504796
990096777980204796
990096904040204796
990066751230204796
990095988750204796
990096953390204796
990096939590204796
990096896560204796
990096898220204796
990023922400204796
990096950220204796
990096900170204796
990096980640204796
990096740860204796
990096944820204796
990096896430204796
990096960320204796
990096951720204796
9997075646504796
9997038444904796
990095958270204796
9997190544604796
990071854210204796
990096977080204796
9997057150204796
9997190545504796
990096712540204796
990096764980204796
990096764970204796
990096958490204796
990018073310204796
990096979840204796
990096956840204796
9997276748704796
990095976970204796
9997090049704796
990096733720204796
9997260848604796
9997010949604796
990096982130204796
990096906250204796
990096960550204796
990096955030204796
990096960800204796
990096664910204796
9997070250204796
990096938790204796
990096837780204796
990023474230204796
990095986730204796
990096983360204796
990018072690204796
990096941400204796
990096897780204796
990096978660204796
990096044420204796
990096960230204796
990095989480204796
990096897270204796
990096889940204796
990096896760204796
990096777970204796
990096742970204796
990096938390204796
990096962310204796
990096899140204796
990096985850204796
990096006310204796
990056784630204796
990095928440204796
990096896310204796
990055785900204796
990096937970204796
990096900730204796
990096977560204796
990096051790204796
990096906200204796
990096950160204796
990071574440204796
990096009310204796
9997065783404796
9997059046104796
990071484530204796
990071476940204796
990096901600204796
990096964800204796
990070704970204796
9997176513904796
990070088990204796
990096664870204796
9997030449704796
990096900460204796
990096778030204796
990096960310204796
990096911130204796
990096456200204796
990096981610204796
990096950740204796
990076154690204796
9997012647804796
990096890170204796
990096926040204796
990096952840204796
990096480310204796
990096718440204796
990096764820204796
990096890360204796
990096899420204796
990096739150204796
990096952850204796
990096737030204796
9997055531504796
990096954420204796
990096900590204796
990096903760204796
990096595960204796
990096907210204796
9997100850304796
9997322249304796
990096896260204796
990096938220204796
990096907840204796
990096983180204796
9997271849104796
990096041060204796
990096975500204796
990096911580204796
9997055525404796
990096906240204796
990096904100204796
990096649140204796
990096006320204796
9997075746404796
9997071950204796
9997072236904796
990096955650204796
990096943680204796
9997059048604796
9997015949004796
990018073660204796
990096904440204796
990096533230204796
990096898440204796
9997012646804796
990096889890204796
990018073230204796
990096896680204796
990096900640204796
990096983150204796
990096979090204796
990096659270204796
990096900600204796
990096906690204796
990096906800204796
990096950040204796
990018072850204796
990096908550204796
990096980980204796
9997176546204796
990096777960204796
9997046850004796
9997074450304796
990096704200204796
990095973190204796
990096977790204796
990095983620204796
990096905610204796
990096892930204796
990096895820204796
990096909240204796
990096906840204796
990096979160204796
990096908160204796
990096890660204796
990096956230204796
990070021730204796
990096908680204796
990096006210204796
990096896130204796
990096667920204796
990096937750204796
990096896400204796
9997011845704796
9997014349904796
990096906470204796
9997274647704796
990096906970204796
9997176387704796
9997013649704796
9997058646604796
9997065463104796
990096739180204796
990096647330204796
990096939260204796
990096966010204796
990096900280204796
9997176515804796
990096902540204796
9997013649804796
990096984490204796
9997038549104796
990096906880204796
990096982170204796
990096891170204796
990096658860204796
990096952790204796
990096985330204796
990096907230204796
990095935270204796
9997100650104796
9997033850204796
990096902770204796
990096950570204796
990096940160204796
9997072450304796
990096632670204796
990096985380204796
990096962250204796
990096058520204796
990070148640204796
990096898110204796
990096907630204796
990096981400204796
9997015344504796
990096909570204796
990096900470204796
990096708750204796
990096040980204796
9997070246204796
990096975140204796
990096976550204796
990096652100204796
990096957770204796
990096985480204796
990096979450204796
990096975530204796
990096897430204796
990096837050204796
9997061948504796
990096837850204796
990096960180204796
9997175669404796
990096641880204796
990096897570204796
9997031548604796
990096764770204796
990096954510204796
990096976210204796
990096909560204796
9997177043204796
990096907750204796
990096658680204796
990096711480204796
990096442730204796
990095923150204796
990096979480204796
9997175657404796
990096936820204796
990096984170204796
9997175752904796
9997043449904796
990096736290204796
990096332370204796
990096978550204796
990018072770204796
990096962050204796
990096908670204796
990096949790204796
990096979320204796
990096901610204796
990096718400204796
990096908600204796
990096895990204796
990096956730204796
990096910270204796
990096837550204796
990096714530204796
990096906420204796
9997025949904796
990096950060204796
9997012646504796
990096939650204796
9997015446004796
9997040748704796
9997241860804796
9997176513704796
990096901620204796
990096954990204796
990096911870204796
990096980330204796
9997175894804796
990096242930204796
990096907220204796
990096937070204796
990096958030204796
9997076650004796
990096665710204796
990096803720204796
990096836840204796
990096939150204796
990096907680204796
990096956630204796
990096738630204796
990096019140204796
990096939870204796
990096640450204796
990096812420204796
990096939110204796
9997175506204796
990095998820204796
990096940170204796
990096836070204796
990096718560204796
990096740420204796
990095926890204796
9997046550204796
990096986050204796
990096665180204796
9997175895604796
990096836850204796
9997164855404796
990096904290204796
990096735050204796
990096043770204796
990096941360204796
990023554260204796
990096836890204796
990096953220204796
990096907090204796
9997218502604796
990096950620204796
990096708300204796
990096905300204796
990096981440204796
990096902070204796
990096898360204796
990096903660204796
990096902400204796
9997019349404796
990096980660204796
9997068749704796
990096977340204796
9997012649704796
990096963810204796
990096900990204796
9997076650204796
9997181849904796
9997232610804796
990096957740204796
